0.044248   4.498251
0.043860   4.510962
0.043478   4.523562
0.043103   4.536053
0.042735   4.548437
0.042373   4.560715
0.042017   4.572890
0.041667   4.584963
0.333333   1.584963
0.250000   2.000000
0.200000   2.321928
0.166667   2.584963
0.142857   2.807355
0.125000   3.000000
0.111111   3.169925
0.100000   3.321928
0.090909   3.459432
0.083333   3.584963
0.076923   3.700440
0.071429   3.807355
0.066667   3.906891
0.062500   4.000000
0.058824   4.087463
0.055556   4.169925
0.052632   4.247928
0.050000   4.321928
0.047619   4.392317
0.045455   4.459432
0.043478   4.523562
0.041667   4.584963
0.040000   4.643856
0.038462   4.700440
0.037037   4.754888
0.035714   4.807355
0.034483   4.857981
0.033333   4.906891
0.032258   4.954196
0.031250   5.000000
0.030303   5.044394
0.029412   5.087463
0.028571   5.129283
0.027778   5.169925
0.027027   5.209453
0.026316   5.247928
0.025641   5.285402
0.025000   5.321928
0.024390   5.357552
0.023810   5.392317
0.023256   5.426265
0.022727   5.459432
0.022222   5.491853
0.021739   5.523562
0.021277   5.554589
0.041667   4.584963
0.040816   4.614710
0.040000   4.643856
0.039216   4.672425
0.038462   4.700440
0.037736   4.727920
0.037037   4.754888
0.036364   4.781360
0.035714   4.807355
0.035088   4.832890
0.034483   4.857981
0.033898   4.882643
0.033333   4.906891
0.032787   4.930737
0.032258   4.954196
0.031746   4.977280
0.031250   5.000000
0.030769   5.022368
0.045455   4.459432
0.044776   4.481127
0.044118   4.502500
0.043478   4.523562
0.042857   4.544321
0.042254   4.564785
0.055556   4.169925
0.054795   4.189825
0.054054   4.209453
0.053333   4.228819
0.052632   4.247928
0.051948   4.266787
0.051282   4.285402
0.050633   4.303781
0.050000   4.321928
0.049383   4.339850
0.048780   4.357552
0.048193   4.375039
0.047619   4.392317
0.047059   4.409391
0.046512   4.426265
0.045977   4.442943
0.045455   4.459432
0.044944   4.475733
0.044444   4.491853
0.043956   4.507795
0.043478   4.523562
0.043011   4.539159
0.042553   4.554589
0.042105   4.569856
0.041667   4.584963
0.041237   4.599913
0.040816   4.614710
0.040404   4.629357
0.050000   4.321928
0.049505   4.336283
0.049020   4.350497
0.048544   4.364572
0.048077   4.378512
0.047619   4.392317
0.047170   4.405992
0.046729   4.419539
0.046296   4.432959
0.045872   4.446256
0.045455   4.459432
0.045045   4.472488
0.044643   4.485427
0.044248   4.498251
0.043860   4.510962
0.043478   4.523562
0.043103   4.536053
0.042735   4.548437
0.042373   4.560715
0.042017   4.572890
0.041667   4.584963
